0.1 0.03380316372 0.04347425574 -0.06956427149
0.1 0 0.06544593764 -0.09641152809
0.1 0 -0.001480692206 -0.09735707969
0.1 0.05480033398 -0.001847443668 -0.05884061085
0.1 0.0381594488 0.09890268902 -0.06460519176
0.1 0 0.1323219735 -0.09579365085
0.1 0.1118181146 -0.00204233793 -0.0238625365
0.1 0.08079920946 0.0566817998 -0.03730947957
0.1 0.03997837384 0.1644044217 -0.06265156435
0.1 0 0.1992230629 -0.09541688756
0.1 0.1416386539 0.05132584644 -0.004345911976
0.1 0.1715790378 -0.002120174434 0.006051846009
0.1 0.08154097485 0.1306958411 -0.0349851089
0.1 0.123420504 0.1003183496 -0.01237121435
0.1 0.04134531656 0.2311541854 -0.06112766398
0.1 0 0.2661525264 -0.09515060931
0.1 0.08569162402 0.1966339984 -0.03172597651
0.1 0.2026591228 0.05141400434 0.02190143773
0.1 0.2337630202 -0.002146870745 0.03048122849
0.1 0.1738006998 0.1047337842 0.01100639192
0.1 0.1389721595 0.1620665152 -0.003670572551
0.1 0.04110363984 0.2985375616 -0.0610311048
0.1 0 0.333104141 -0.09494681206
0.1 0.041290383 0.3657166579 -0.06066574993
0.1 0 0.4000677608 -0.09477024536
0.1 0.08561085507 0.2639495676 -0.03143629918
0.1 0.1322551634 0.2296078478 -0.00663533421
0.1 0.2657427863 0.0522211844 0.04166643553
0.1 0.2982936352 -0.002166821824 0.04774824318
0.1 0.2343028184 0.1072073902 0.03268249537
0.1 0.2040092561 0.1628350462 0.02279848737
0.1 0.1778974979 0.2095706882 0.01310135046
0.1 0.04152919681 0.4330771658 -0.06030275537
0.1 0 0.4670381562 -0.09461340832
0.1 0.04160649425 0.5002921797 -0.06011037481
0.1 0 0.5340112483 -0.09446916283
0.1 0.0857974015 0.3315148334 -0.03097549492
0.1 0.08615747535 0.3988728702 -0.03052555508
0.1 0.1329242165 0.2965678478 -0.005822038543
0.1 0.1813562603 0.2646220703 0.01473603882
0.1 0.3311730965 0.0520780976 0.05394894207
0.1 0.3646023117 -0.002268691958 0.05568939915
0.1 0.2980451392 0.1068174906 0.04816277633
0.1 0.2646717607 0.165196093 0.04023345826
0.1 0.2317103494 0.2254044811 0.03112079823
0.1 0.3980310679 0.05180079789 0.05724691122
0.1 0.4312963143 -0.002404275385 0.05243467062
0.1 0.04179349023 0.5674989091 -0.05988202523
0.1 0 0.6009816612 -0.09433850354
0.1 0.08638461141 0.4662891664 -0.03024885018
0.1 0.08647287433 0.5338016545 -0.03011570167
0.1 0.1335320949 0.3645125915 -0.0052887264
0.1 0.1339400534 0.4320209151 -0.004960166361
0.1 0.1831056806 0.3305146693 0.01535653094
0.1 0.2339520877 0.2961142993 0.03146886378
0.1 0.3644142158 0.1060286834 0.05630802254
0.1 0.3301817455 0.1605702613 0.05214415835
0.1 0.2983045663 0.2161244741 0.04653329421
0.1 0.2792185244 0.2662567704 0.04218656537
0.1 0.4647414116 0.05157033424 0.05083051509
0.1 0.4965290651 -0.002156776376 0.03809553276
0.1 0.4315478293 0.1058705495 0.05614526628
0.1 0.5299543319 0.05161733723 0.03550175938
0.1 0.5592697719 -0.0009712697012 0.0151028526
0.1 0.04218919842 0.6348845424 -0.0595633892
0.1 0 0.667945031 -0.09422398302
0.1 0.04226818119 0.7027799879 -0.0594536827
0.1 0 0.7348937901 -0.09414597969
0.1 0.08713127913 0.6010226225 -0.02967305679
0.1 0.1341632758 0.4996660028 -0.004801155075
0.1 0.1340334864 0.5668082243 -0.004850767238
0.1 0.1837709883 0.3976150783 0.0157192992
0.1 0.1835402732 0.4643080638 0.01564899422
0.1 0.2361822932 0.3629277357 0.03210566502
0.1 0.2959508519 0.327268253 0.04516156528
0.1 0.3978768357 0.1605189257 0.05682336599
0.1 0.3642945922 0.215824175 0.05467401093
0.1 0.3341923998 0.2700627082 0.05088299658
0.1 0.4651974017 0.159963197 0.0539201472
0.1 0.4981269784 0.1055057378 0.04769151376
0.1 0.5931041318 0.05228998104 0.01324664417
0.1 0.6196740033 0.001399431677 -0.01350758464
0.1 0.5632318748 0.1052633456 0.03194873661
0.1 0.6543695482 0.0537975786 -0.01389478065
0.1 0.6782814323 0.004917217886 -0.04560917673
0.1 0.04262631347 0.7688773733 -0.05926348496
0.1 0 0.8018202905 -0.09414750095
0.1 0.04206823747 0.8328564566 -0.0603882861
0.1 0 0.8687288816 -0.09424473354
0.1 0.08855499199 0.6686688795 -0.02894784247
0.1 0.09364360626 0.7404805938 -0.02613488874
0.1 0.1353874777 0.6341657247 -0.004141716506
0.1 0.1831931101 0.5313032456 0.01551357847
0.1 0.1821949042 0.6000171533 0.01511380128
0.1 0.2351113282 0.4297282429 0.03168975416
0.1 0.2344010297 0.495510707 0.03154909556
0.1 0.2878535879 0.396327324 0.04326522607
0.1 0.3372719907 0.3736515871 0.05055421467
0.1 0.3658470989 0.32612623 0.05362914349
0.1 0.4321364798 0.2149915653 0.05611748563
0.1 0.3993159333 0.2704950129 0.05566696537
0.1 0.499303467 0.2139545037 0.05096815052
0.1 0.5315542521 0.1593845439 0.04399125162
0.1 0.6266189803 0.1053773818 0.01045968983
0.1 0.5964424163 0.158724425 0.0280574967
0.1 0.7139715464 0.05622547884 -0.04451599059
0.1 0.735380074 0.009535703081 -0.08021827099
0.1 0.6886968461 0.1061354043 -0.01552051327
0.1 0.7716795553 0.05893422328 -0.07817317128
0.1 0.7910326161 0.01524568139 -0.1169345914
0.1 0.04742704414 0.9021576555 -0.05695455851
0.1 0 0.9356210876 -0.09456176299
0.1 0.03630288101 0.9594135879 -0.06661882772
0.1 0 1.002556977 -0.09516948203
0.1 0.08517858745 0.8023977949 -0.03159626527
0.1 0.0824453301 0.8531440072 -0.03370534779
0.1 0.1372109213 0.6991925213 -0.003355853251
0.1 0.1399456841 0.7487774968 -0.002438699297
0.1 0.123171166 0.7831176379 -0.01076589252
0.1 0.1895794538 0.6699353341 0.01800559666
0.1 0.2339965225 0.5612461374 0.03152463194
0.1 0.2359282656 0.6217448016 0.03191117997
0.1 0.2872162996 0.4616745404 0.04325319833
0.1 0.285691857 0.5248489563 0.04300228759
0.1 0.340172278 0.4294165202 0.05077006798
0.1 0.3971033575 0.3891193188 0.05470405198
0.1 0.4318678143 0.3262011542 0.0555336663
0.1 0.466425507 0.2692368568 0.05445119449
0.1 0.5339888748 0.267104051 0.04735624417
0.1 0.5650468273 0.2132808285 0.03999377805
0.1 0.6596036237 0.1581124493 0.007356677531
0.1 0.6296564094 0.2119954529 0.02404772023
0.1 0.7491436068 0.1083461591 -0.04474820293
0.1 0.7219482863 0.157148335 -0.01763121721
0.1 0.8068843298 0.1067580345 -0.07811034268
0.1 0.8271072411 0.06235262602 -0.1146333764
0.1 0.8448763085 0.02231281531 -0.1560130811
0.1 0.8712899153 0.06257452602 -0.1492585422
0.1 0.896895619 0.0307546713 -0.19727981
0.1 0.1075329267 0.8981328103 -0.01963888737
0.1 0.08320824506 0.9536420686 -0.03558747411
0.1 0.05527871009 1.002719679 -0.05732422455
0.1 0.1314244722 0.83576264 -0.006755224232
0.1 0.1803479799 0.7329917903 0.01423818968
0.1 0.1674466382 0.7880531837 0.009308724227
0.1 0.2241829782 0.7167998232 0.02864446245
0.1 0.2516846922 0.6759737997 0.03614870128
0.1 0.2844936507 0.5862951731 0.04304361196
0.1 0.2798141471 0.6383360481 0.04215871874
0.1 0.339319814 0.4920574168 0.05060599277
0.1 0.3361567726 0.5523264476 0.05022903056
0.1 0.3915961258 0.4626974323 0.05406568243
0.1 0.4445661254 0.4369194016 0.05473560855
0.1 0.4675611597 0.3790877013 0.05415654221
0.1 0.5000404569 0.3231798823 0.05195591353
0.1 0.5672139287 0.3205396443 0.04347761343
0.1 0.5997519894 0.2674485916 0.03553789109
0.1 0.6641137216 0.2644024915 0.01975191582
0.1 0.6907409898 0.2109321539 0.004782717888
0.1 0.7447561523 0.2075116776 -0.01577953562
0.1 0.7854991964 0.1679549327 -0.04410787504
0.1 0.8388146776 0.155294499 -0.07753553095
0.1 0.8703651833 0.1132757723 -0.1180977316
0.1 0.9111893949 0.08891146674 -0.1673822114
0.1 0.1668071379 0.8938419007 0.009080666757
0.1 0.1395290247 0.9499381139 -0.004646442441
0.1 0.1125363141 1.002740442 -0.02276329121
0.1 0.1959571356 0.8381552652 0.02047902611
0.1 0.2257513979 0.7750789614 0.02984506392
0.1 0.2734208106 0.7310799445 0.04137201736
0.1 0.3089725038 0.6779693942 0.04757240095
0.1 0.3373605948 0.620009086 0.05084727114
0.1 0.3813858902 0.5789162711 0.05383709468
0.1 0.3956740054 0.5235279732 0.05435169204
0.1 0.4322624173 0.485000359 0.05469560853
0.1 0.4765581187 0.4786674456 0.05335449588
0.1 0.5059071333 0.4290836052 0.05152910107
0.1 0.5334089343 0.3770900729 0.04868816473
0.1 0.5895085724 0.3718710906 0.04086682937
0.1 0.6350662803 0.3291573632 0.03113491716
0.1 0.6942360963 0.3124946489 0.01591891734
0.1 0.7326845944 0.2660204045 -0.0008875659116
0.1 0.7909268089 0.2367588872 -0.02776352535
0.1 0.8398997058 0.2072732064 -0.05904637116
0.1 0.8840067349 0.1780760078 -0.09607269648
0.1 0.9231211277 0.1489508859 -0.1403561658
0.1 0.2305317859 0.8927075357 0.03222975618
0.1 0.2005438301 0.9482568478 0.02188010523
0.1 0.1722728361 1.002680155 0.007196698283
0.1 0.2606515707 0.8364932425 0.03980966629
0.1 0.2927637359 0.7833141258 0.04592476962
0.1 0.3341189353 0.7323107408 0.05136887202
0.1 0.3695803545 0.6779205593 0.05404238765
0.1 0.4029164793 0.6251272525 0.05516183015
0.1 0.4306383759 0.5724761563 0.05486917702
0.1 0.4527655694 0.523188093 0.0544425036
0.1 0.4955476372 0.516077649 0.05216519445
0.1 0.5288022271 0.4824048978 0.04929662562
0.1 0.5758673227 0.4329967557 0.04369389872
0.1 0.6374540731 0.4001918133 0.03312288874
0.1 0.6913592779 0.367894802 0.0205575628
0.1 0.7428942157 0.3333981665 0.004599931147
0.1 0.7936785939 0.3006180234 -0.01590956419
0.1 0.8442506264 0.2693047856 -0.04249242893
0.1 0.8910894065 0.2393715491 -0.07550043441
0.1 0.933162445 0.2104134301 -0.115876729
0.1 0.2961899626 0.8927462762 0.0482821291
0.1 0.2647194802 0.9477271752 0.0420552284
0.1 0.2344808493 1.002566846 0.03156430272
0.1 0.3283601053 0.8382915522 0.05225593706
0.1 0.3600431135 0.7840946535 0.05463025641
0.1 0.3989467773 0.7309499351 0.05585150092
0.1 0.4334629661 0.6761904366 0.05554721088
0.1 0.4642403725 0.6206033002 0.05438628949
0.1 0.4857648548 0.5633782467 0.05292554615
0.1 0.537124889 0.5387044331 0.04837259531
0.1 0.5867293316 0.5017924203 0.04222313453
0.1 0.6385711665 0.4662887821 0.03386772646
0.1 0.6923638919 0.4334027257 0.02298630852
0.1 0.7452445119 0.3996279507 0.009635142021
0.1 0.7972526456 0.3664906298 -0.007194709228
0.1 0.8481629456 0.333956643 -0.02892239452
0.1 0.8969777929 0.302528265 -0.05727581032
0.1 0.9417739217 0.2728807222 -0.09344604201
0.1 0.3641620053 0.8936268529 0.05653715635
0.1 0.3310066458 0.9477987208 0.05433159774
0.1 0.2990863358 1.00245813 0.04854426542
0.1 0.3974985218 0.839430932 0.05696385278
0.1 0.430890588 0.7845649755 0.05625899048
0.1 0.4654675798 0.7296794931 0.05448889567
0.1 0.4994398664 0.6728273979 0.05200712223
0.1 0.5338245676 0.6092680126 0.04871690286
0.1 0.5885126678 0.5662631597 0.04169131706
0.1 0.6412730409 0.5336836186 0.03329307936
0.1 0.6937689767 0.4999915328 0.02355223199
0.1 0.7467280509 0.4665070154 0.01210534049
0.1 0.7993848992 0.4329803638 -0.001593039146
0.1 0.8513226235 0.3997331155 -0.01891866299
0.1 0.9017413774 0.3671287255 -0.04197755305
0.1 0.9490199335 0.3362175189 -0.07312901471
0.1 0.4316526375 0.8936715467 0.05613264887
0.1 0.3983960957 0.9480306092 0.05732151174
0.1 0.3654560768 1.002446742 0.05596954117
0.1 0.4649379045 0.839086213 0.05388986817
0.1 0.4981023248 0.7841609271 0.05105050341
0.1 0.5310413449 0.7283935117 0.04772184839
0.1 0.5641922457 0.6732137887 0.04400861492
0.1 0.592741332 0.6228043424 0.0403530459
0.1 0.6440413047 0.6006388818 0.03159602746
0.1 0.6951690921 0.567101878 0.0222672793
0.1 0.7477285854 0.53337253 0.0118232211
0.1 0.8005570004 0.4997967227 0.0002145248009
0.1 0.8532132677 0.4662755496 -0.0134141206
0.1 0.9050245305 0.4329143586 -0.03101564267
0.1 0.9546884709 0.4005234987 -0.05581727378
0.1 0.4985576639 0.8936244132 0.04739782418
0.1 0.4653376193 0.9480858414 0.05050253109
0.1 0.4321220278 1.002461324 0.05212496892
0.1 0.5317249582 0.8388835391 0.04378907379
0.1 0.5637983354 0.7837219847 0.04014931708
0.1 0.5946268703 0.7278021294 0.03653871285
0.1 0.6349086537 0.6709726009 0.03094820901
0.1 0.6950609579 0.6346392723 0.01934514898
0.1 0.7480466982 0.6001813441 0.008776787572
0.1 0.8007618887 0.5665803219 -0.002067450211
0.1 0.8536761379 0.5331508884 -0.01360827508
0.1 0.9063708016 0.4996308082 -0.02694132916
0.1 0.958019067 0.4662266713 -0.04466462841
0.1 0.5639705814 0.8934567516 0.0314041863
0.1 0.5307552974 0.9477275783 0.03482180157
0.1 0.4972573261 1.002064267 0.03733451119
0.1 0.5973490682 0.8389167883 0.02762284277
0.1 0.6280385175 0.7841055654 0.0245133986
0.1 0.6496750354 0.7320331922 0.02343025167
0.1 0.6973749923 0.7014815304 0.01358196692
0.1 0.7479631747 0.6661797363 0.002880822737
0.1 0.8000028156 0.6328600637 -0.008226515398
0.1 0.8525801525 0.5997237432 -0.01951003694
0.1 0.9054103451 0.5664056379 -0.0312982874
0.1 0.958053642 0.5328887747 -0.04476729223
0.1 0.6267330263 0.8911583866 0.01044059318
0.1 0.5932966696 0.9460814318 0.0128044833
0.1 0.5598990828 1.000709403 0.01407156284
0.1 0.6603316235 0.833666428 0.007923170437
0.1 0.6944887887 0.7725901467 0.005580325514
0.1 0.7467378942 0.7293722389 -0.005387040751
0.1 0.7985231913 0.698342368 -0.01786731087
0.1 0.8503929503 0.665486399 -0.03006504305
0.1 0.9025748328 0.6321919601 -0.04258683916
0.1 0.9547997162 0.598568494 -0.056082173
0.1 0.6871095515 0.88889064 -0.01420289415
0.1 0.654145412 0.9439180249 -0.01394501739
0.1 0.6202380556 0.9981694874 -0.01466817504
0.1 0.7194381572 0.833533014 -0.01481129591
0.1 0.7476978846 0.7849116566 -0.01589828113
0.1 0.796147429 0.7638832867 -0.03089005557
0.1 0.8468558978 0.730696087 -0.04424424414
0.1 0.8981233106 0.6970115366 -0.05828151193
0.1 0.9492154151 0.6628489871 -0.07351740971
0.1 0.7446042531 0.8873127888 -0.04175467687
0.1 0.7126445147 0.9410408558 -0.04359602387
0.1 0.6788423771 0.9945110802 -0.04676006573
0.1 0.7836916862 0.8309687182 -0.04358651477
0.1 0.8413899491 0.795604883 -0.06149140185
0.1 0.8920452962 0.7610611663 -0.07700718444
0.1 0.9420143039 0.7261306263 -0.09402471006
0.1 0.792137262 0.8891725218 -0.06873203128
0.1 0.768640455 0.9373506008 -0.07526138921
0.1 0.736069401 0.9898462236 -0.0811437846
0.1 0.8384180577 0.8585752664 -0.08357838337
0.1 0.8855190592 0.8238187475 -0.09902583604
0.1 0.9333530348 0.7884774678 -0.1167765701
0.1 0.828051232 0.9270459221 -0.1099955862
0.1 0.7919327523 0.9841763505 -0.1175374605
0.1 0.877783376 0.8846589436 -0.1240090775
0.1 0.9231873464 0.8497743629 -0.141622454
0.1 0.873470585 0.9340550024 -0.150011847
0.1 0.8459468892 0.9771489944 -0.1564048543
0.1 0.9112036717 0.9097049001 -0.1688396109
0.1 0.8974750279 0.9682703977 -0.1981959231
0.2 0.0004750310802 0.04407555506 -0.1030643246
0.2 0 0.0666918031 -0.1461768763
0.2 0 -0.0004738269717 -0.1477084209
0.2 0.007606341132 -0.001702528673 -0.08096133079
0.2 0.000143880964 0.09972202679 -0.09586612167
0.2 0 0.1338139632 -0.1450687366
0.2 0.02575645389 -0.002515753945 -0.01636457898
0.2 0.01137754007 0.05678236578 -0.04664036796
0.2 0.0003645545631 0.1655376477 -0.09258200081
0.2 0 0.2010060483 -0.1441984485
0.2 0.03962771487 0.05092050783 0.01694283041
0.2 0.0587275429 -0.003000990243 0.04202941694
0.2 0.01101477215 0.1311846698 -0.04389853959
0.2 0.02990619772 0.1002730106 -0.0002366844178
0.2 0.0003920762526 0.2325934112 -0.08991999772
0.2 0 0.2682223834 -0.1434268975
0.2 0.0120902901 0.1974238618 -0.03806003405
0.2 0.08081802553 0.05062489119 0.06956141603
0.2 0.1058960529 -0.003369356639 0.08972411242
0.2 0.06041306265 0.104350927 0.04651715412
0.2 0.03786772631 0.162200272 0.01637503251
0.2 0.0003825484353 0.3003037199 -0.08946416452
0.2 0 0.3354616769 -0.1427386171
0.2 0.0004547176394 0.3677957138 -0.08854036786
0.2 0 0.4027088716 -0.1421017483
0.2 0.01207547009 0.2650942051 -0.03734653661
0.2 0.0342277032 0.2301482759 0.01056692784
0.2 0.1340075232 0.05105803393 0.1094837051
0.2 0.1643063085 -0.00373313348 0.1227598516
0.2 0.1068135798 0.106454127 0.09142156721
0.2 0.08227343493 0.1625085806 0.07121451737
0.2 0.06310709411 0.2096304521 0.05114432441
0.2 0.0005160455903 0.4354684838 -0.08761475573
0.2 0 0.4699598234 -0.1415169123
0.2 0.0005758373345 0.5029975807 -0.0869668801
0.2 0 0.5372117515 -0.140983446
0.2 0.01213008274 0.3329996142 -0.03633547044
0.2 0.01229139329 0.4006980595 -0.03525636599
0.2 0.03437168334 0.2974493208 0.01221917051
0.2 0.06533036613 0.2649541242 0.05481282395
0.2 0.1962344941 0.05058830017 0.1342344972
0.2 0.2294071329 -0.004111565248 0.1390398134
0.2 0.1643118791 0.105714629 0.1236121021
0.2 0.1334782824 0.1645381887 0.1086648064
0.2 0.1048181337 0.2252075289 0.09015327294
0.2 0.2631476397 0.05008369735 0.1419103916
0.2 0.2965003993 -0.004498267989 0.1378540633
0.2 0.0007033031743 0.5705196474 -0.08625753258
0.2 0 0.6044604077 -0.1405074645
0.2 0.0124607528 0.4684562261 -0.03443436949
0.2 0.01262105706 0.5363142746 -0.03385222368
0.2 0.03475053682 0.3657588468 0.01350502936
0.2 0.03513616966 0.4336276957 0.01445055671
0.2 0.0668615507 0.3311993038 0.05656771498
0.2 0.106897665 0.2962650047 0.09184428221
0.2 0.2294684487 0.1046367293 0.1400040835
0.2 0.1955530278 0.1595576038 0.1335532078
0.2 0.164763986 0.2155116618 0.123607603
0.2 0.1471012357 0.2659814004 0.1153649967
0.2 0.329885562 0.04961924826 0.1321216959
0.2 0.361105916 -0.004874374025 0.1197176373
0.2 0.2969297985 0.1042722756 0.1389690207
0.2 0.3919523677 0.04908169485 0.1057329606
0.2 0.4191185889 -0.005246997167 0.0859889357
0.2 0.0009166979451 0.6382191002 -0.0853797297
0.2 0 0.671705739 -0.1400837701
0.2 0.001002555376 0.7064387343 -0.08491366231
0.2 0 0.7389337693 -0.1397241544
0.2 0.0130665225 0.6038803555 -0.0327060182
0.2 0.03547546607 0.5016360951 0.01511176764
0.2 0.03564065195 0.5691381638 0.01536453476
0.2 0.06751613298 0.3986588104 0.05763790572
0.2 0.06763145539 0.4657241304 0.05782869618
0.2 0.1088880257 0.3634143588 0.09381857501
0.2 0.1627882739 0.3271995692 0.1229993076
0.2 0.2632476263 0.1592472686 0.1416308068
0.2 0.2295642338 0.2149136624 0.1399303296
0.2 0.1997819353 0.2695308768 0.1341655467
0.2 0.3302331118 0.1584786568 0.131761589
0.2 0.3618568573 0.1036479231 0.120639948
0.2 0.4452588435 0.04842121193 0.06445000138
0.2 0.4666762334 -0.005660482808 0.03863945501
0.2 0.419844773 0.1028185904 0.08639474513
0.2 0.485996315 0.0475812482 0.01065120085
0.2 0.4998447024 -0.006192784262 -0.01969583387
0.2 0.001247576773 0.7728632795 -0.08424496237
0.2 0 0.8061348163 -0.1395047826
0.2 0.002110351145 0.8371607158 -0.08526330035
0.2 0 0.8733529121 -0.1393844662
0.2 0.0140194046 0.6718683983 -0.03091411761
0.2 0.01640344141 0.744018868 -0.0251470785
0.2 0.03664501183 0.6368528268 0.0170690505
0.2 0.06773980514 0.5330890778 0.05784793673
0.2 0.067371829 0.6021772285 0.05731755392
0.2 0.1083268348 0.4305913973 0.09337543525
0.2 0.1080155076 0.4967344612 0.09333148465
0.2 0.1555628697 0.396660522 0.1196124596
0.2 0.2031233512 0.3735627148 0.1352473161
0.2 0.2314224743 0.325689089 0.1402277573
0.2 0.2977473774 0.2138305102 0.1387983486
0.2 0.2649717688 0.2696785131 0.1415450718
0.2 0.3627921069 0.2125628454 0.120046043
0.2 0.3921417277 0.157603493 0.1050464534
0.2 0.467020108 0.1017138481 0.03839667562
0.2 0.4448663874 0.1563357811 0.06346014682
0.2 0.5105760326 0.04650211087 -0.05220211229
0.2 0.5146200026 -0.006882483758 -0.08512421642
0.2 0.4999943266 0.1003624673 -0.02069091296
0.2 0.5165919535 0.04446884837 -0.1191786681
0.2 0.5087446265 -0.007406294158 -0.1518986364
0.2 0.003357771978 0.9067865295 -0.07873386532
0.2 0 0.9405290075 -0.1394044136
0.2 0.002479379505 0.9643711951 -0.09338404321
0.2 0 1.007731947 -0.139749789
0.2 0.01367913481 0.8063172037 -0.03461144873
0.2 0.01331668249 0.8573539544 -0.03786317404
0.2 0.03804130536 0.7022201739 0.01903861959
0.2 0.04022999134 0.7520566221 0.021426325
0.2 0.03120716565 0.7866785962 0.005122041812
0.2 0.07294971495 0.6724201609 0.06367291407
0.2 0.1080055424 0.5628416007 0.09343654663
0.2 0.110177081 0.6236528743 0.09450302519
0.2 0.1551413915 0.462355014 0.1200059272
0.2 0.1540134799 0.5258802046 0.1196684555
0.2 0.2061745786 0.4296045397 0.1363245186
0.2 0.2631140773 0.3888310832 0.1416277734
0.2 0.2977955964 0.3254925736 0.1388575029
0.2 0.3316502936 0.2681742788 0.13140522
0.2 0.3939934181 0.2657655125 0.1035823344
0.2 0.4201583557 0.211550361 0.08545514518
0.2 0.4848957263 0.1545674934 0.009976458355
0.2 0.466581177 0.2096308966 0.03732057666
0.2 0.515962242 0.09946633178 -0.08632572385
0.2 0.5099343699 0.1516613363 -0.05268716921
0.2 0.5147569614 0.09356067867 -0.1531288461
0.2 0.5045683418 0.0421411825 -0.184867535
0.2 0.4850185092 -0.006891877077 -0.2145816212
0.2 0.4833558175 0.03652629474 -0.2368912393
0.2 0.4519165664 -0.005095845194 -0.2729537726
0.2 0.0241728162 0.9023932656 -0.01076480609
0.2 0.01515810259 0.9583387411 -0.03827650653
0.2 0.009864929852 1.007790737 -0.07327140194
0.2 0.03599907851 0.8395340496 0.01340540662
0.2 0.06700847619 0.7358862392 0.05609666787
0.2 0.05829345735 0.7913242251 0.04580903687
0.2 0.1010731959 0.7192475832 0.08733766961
0.2 0.1240396619 0.6780359513 0.1039912413
0.2 0.1531758858 0.5876744916 0.1196863124
0.2 0.1492724696 0.6400262591 0.1175878536
0.2 0.2056262078 0.4925860121 0.1363554267
0.2 0.2028847978 0.5531831483 0.1355641095
0.2 0.2578885159 0.4627867933 0.1411890207
0.2 0.3107855416 0.436606783 0.136451596
0.2 0.3330544836 0.3784313468 0.1309045371
0.2 0.3636483393 0.3221859707 0.1195998726
0.2 0.4215644306 0.3192227027 0.08386828744
0.2 0.4461516615 0.2657270298 0.06126138836
0.2 0.4856219968 0.2620356234 0.007616204282
0.2 0.4980068506 0.2075180443 -0.01883311848
0.2 0.5141708064 0.2026460608 -0.07451193167
0.2 0.5182269475 0.1600363006 -0.1217692022
0.2 0.5105425528 0.1432481872 -0.183575458
0.2 0.4949013266 0.09429569219 -0.2261927262
0.2 0.4636907935 0.06083058516 -0.2776349515
0.2 0.05838979451 0.8975900747 0.04586266377
0.2 0.04161697138 0.9541771287 0.02066358259
0.2 0.02928755072 1.007514761 -0.009076051162
0.2 0.0790136586 0.8414205844 0.06912646562
0.2 0.1023437073 0.7778110265 0.08947013963
0.2 0.144031593 0.7332554378 0.1151830773
0.2 0.1771010488 0.6796352683 0.1291481886
0.2 0.2044791375 0.62119863 0.1364499663
0.2 0.2482892809 0.5796295122 0.1412601079
0.2 0.2623402557 0.5238849347 0.1416626488
0.2 0.2987608203 0.4849832684 0.1382386822
0.2 0.3419463983 0.4783666901 0.1275443731
0.2 0.3692589472 0.4284443163 0.116737292
0.2 0.3934133866 0.3761454158 0.1032828013
0.2 0.4381257697 0.3706103638 0.06811287099
0.2 0.4689350514 0.3274512089 0.03317894902
0.2 0.4986036949 0.3101347489 -0.02039058551
0.2 0.511758744 0.2626252555 -0.0594987292
0.2 0.5190531544 0.2313472911 -0.1226546982
0.2 0.5135323215 0.1985051486 -0.179051408
0.2 0.4963516588 0.1642553488 -0.2314340936
0.2 0.4703135652 0.1275286982 -0.2799433131
0.2 0.107183408 0.8959283857 0.09338901328
0.2 0.08296477284 0.9519459216 0.07325118649
0.2 0.06296764143 1.006921946 0.04891420497
0.2 0.133111488 0.839234542 0.1100413601
0.2 0.1624215811 0.7855867489 0.1240662261
0.2 0.2021585067 0.7340487425 0.1362183265
0.2 0.2371243239 0.6791544154 0.1413869637
0.2 0.270322094 0.625909655 0.1419764853
0.2 0.2976707873 0.5728514819 0.1386029979
0.2 0.3192657219 0.5232221724 0.1344610587
0.2 0.359940061 0.5158303618 0.1204532922
0.2 0.3896317945 0.4818532735 0.1051807216
0.2 0.42837153 0.4320440198 0.07781077096
0.2 0.4699667142 0.398791231 0.03096598066
0.2 0.4975863053 0.3659594325 -0.01707099001
0.2 0.5134988522 0.3307205996 -0.06852402539
0.2 0.5200554666 0.2967130662 -0.1225285995
0.2 0.514752195 0.2632486078 -0.1785763421
0.2 0.4983151738 0.2296007859 -0.2316559167
0.2 0.4714085408 0.194590592 -0.2799241363
0.2 0.1666184028 0.8954661402 0.1262361859
0.2 0.137459542 0.9509057138 0.1133495672
0.2 0.1110329656 1.00623125 0.09571049605
0.2 0.1974005761 0.840535224 0.1355897051
0.2 0.2284459663 0.7858669146 0.1410925746
0.2 0.2671523656 0.7322105703 0.1423664589
0.2 0.3012683568 0.6769857561 0.1386888802
0.2 0.3311005769 0.6209805541 0.1318188039
0.2 0.3511847391 0.563395676 0.1244097726
0.2 0.3970010213 0.53833411 0.1005334719
0.2 0.4365806052 0.5010526766 0.06989803448
0.2 0.4708411185 0.4651526027 0.02999520158
0.2 0.4976064469 0.4318250663 -0.01802836978
0.2 0.5142815704 0.3974937859 -0.06996613928
0.2 0.5203708558 0.3636177999 -0.1242150697
0.2 0.515563526 0.32981049 -0.1789541056
0.2 0.4993326273 0.2959375455 -0.2318973302
0.2 0.4722782114 0.2616831285 -0.280132288
0.2 0.2335805835 0.8958302752 0.142057913
0.2 0.2009174498 0.9504811576 0.1372602471
0.2 0.1702477347 1.00561324 0.1272872431
0.2 0.2666549776 0.8411446471 0.1428248617
0.2 0.2996456924 0.7858049971 0.1395039857
0.2 0.3331114922 0.7304622453 0.1314715173
0.2 0.3647588198 0.6731751042 0.1193272257
0.2 0.3948311785 0.6091974812 0.1026464053
0.2 0.4381654585 0.5657769794 0.06843001165
0.2 0.4724982188 0.532819441 0.02735095845
0.2 0.4982254459 0.4987161516 -0.01952361697
0.2 0.5146456128 0.4647773085 -0.07122201898
0.2 0.5206331679 0.4307342664 -0.1253220976
0.2 0.5158204025 0.3967960293 -0.1797874796
0.2 0.4997549856 0.3628411455 -0.2323430161
0.2 0.4728520027 0.3288163555 -0.2804645423
0.2 0.3013611796 0.8953395643 0.1395473421
0.2 0.2685118769 0.9501747339 0.143383981
0.2 0.2358007853 1.005088893 0.1416668235
0.2 0.3335638351 0.8402937814 0.131681723
0.2 0.3644743589 0.784937742 0.1198344781
0.2 0.3934151807 0.7287711313 0.1040808143
0.2 0.4204657333 0.6732319798 0.08470448575
0.2 0.4413949889 0.622530728 0.06501293765
0.2 0.4741153123 0.6000409632 0.02436517439
0.2 0.4988769671 0.5661326314 -0.02140691247
0.2 0.5148869043 0.5319863206 -0.07260426127
0.2 0.5207101933 0.4979505476 -0.1264175569
0.2 0.5157623199 0.4639502304 -0.1806150026
0.2 0.4997734044 0.4299622039 -0.2328830997
0.2 0.4730304048 0.3959722862 -0.2807869829
0.2 0.3661622514 0.8948664885 0.1195208298
0.2 0.3352244125 0.949757653 0.1317324119
0.2 0.3028308978 1.00462841 0.1384102865
0.2 0.3953285249 0.8397182212 0.1035196659
0.2 0.4213524348 0.7841807766 0.08453760033
0.2 0.4436153215 0.7279155313 0.06299157372
0.2 0.4697669203 0.6707192556 0.03183819471
0.2 0.499277845 0.6340434548 -0.0220907272
0.2 0.5150162462 0.5992081665 -0.07391402348
0.2 0.5205115249 0.5651411576 -0.1275148839
0.2 0.5154423318 0.5311815342 -0.1814564341
0.2 0.4994677256 0.4971544578 -0.233448873
0.2 0.4728626797 0.4631416208 -0.2811002852
0.2 0.423522685 0.8946515353 0.08354690243
0.2 0.3967459505 0.9493417632 0.1034107906
0.2 0.3668432006 1.004200835 0.1182671292
0.2 0.4476573198 0.8397262192 0.06020055103
0.2 0.467042417 0.7845494479 0.03625079932
0.2 0.4784084086 0.7321279117 0.01800493478
0.2 0.5004072817 0.70136462 -0.02568444075
0.2 0.5149310342 0.6657922244 -0.07550861627
0.2 0.5200447542 0.6320744863 -0.1286102203
0.2 0.5148589783 0.5983812008 -0.1821872066
0.2 0.4989354849 0.5644141974 -0.2339325411
0.2 0.472427186 0.5303133003 -0.2814285282
0.2 0.4689813221 0.8929148732 0.0349272017
0.2 0.4483290108 0.9484026948 0.06099958635
0.2 0.4237218621 1.00381437 0.08265517523
0.2 0.4862408449 0.8349030427 0.006182137497
0.2 0.5002132119 0.7732965688 -0.02486261447
0.2 0.5149972604 0.729873156 -0.07653008926
0.2 0.5192875635 0.6986468886 -0.1299399037
0.2 0.5138804242 0.6653859485 -0.1831314908
0.2 0.498082781 0.6315597999 -0.2345333614
0.2 0.471750336 0.5974789923 -0.2817860366
0.2 0.4998752373 0.8919843568 -0.02294560522
0.2 0.4873034318 0.9479350045 0.006552859201
0.2 0.4696608146 1.003493682 0.03372646943
0.2 0.5093735334 0.8358245033 -0.05313870963
0.2 0.5148398318 0.7865801357 -0.08043185638
0.2 0.5179842179 0.7658586321 -0.1315033453
0.2 0.5125015981 0.7325823044 -0.1840032503
0.2 0.4968898458 0.6987352093 -0.2351488048
0.2 0.4708441915 0.6646299736 -0.2821945207
0.2 0.5144539002 0.8926103143 -0.08537013143
0.2 0.5101158324 0.9477627053 -0.05547478919
0.2 0.5008610207 1.00327574 -0.02569871381
0.2 0.5174017708 0.8351930888 -0.1235084841
0.2 0.5108775434 0.8003526369 -0.1843258695
0.2 0.4952052948 0.7660731116 -0.2355459598
0.2 0.4695221779 0.7317543893 -0.2825781781
0.2 0.5146879502 0.8972557912 -0.1401353487
0.2 0.5154321595 0.9477044394 -0.1201072758
0.2 0.513587831 1.003143566 -0.09157032835
0.2 0.5073387846 0.8672877766 -0.1889268903
0.2 0.4919867161 0.8331585973 -0.2368913249
0.2 0.4672925093 0.7988216092 -0.2827379612
0.2 0.5035160736 0.94172261 -0.1888418908
0.2 0.5065928558 1.002774961 -0.158259939
0.2 0.4871803522 0.8995548169 -0.2385183138
0.2 0.4637716746 0.8658031723 -0.2825314882
0.2 0.4787442322 0.9550132045 -0.2433269874
0.2 0.4822664385 1.001463066 -0.2207587541
0.2 0.456871784 0.9324688787 -0.2808337006
0.2 0.4468274318 0.9987741432 -0.2777210463
0.3 -0.02467394438 0.05150271837 -0.1037897848
0.3 0 0.0747559968 -0.1390852324
0.3 0 0.007381064613 -0.1420568135
0.3 -0.03029689361 0.005137486969 -0.08186674921
0.3 -0.02824346079 0.1073559434 -0.0967057966
0.3 0 0.1421289573 -0.1368830617
0.3 -0.04423682079 0.00336595495 -0.01597108226
0.3 -0.0428467964 0.06346807075 -0.04874444263
0.3 -0.02914903454 0.1734638375 -0.09254519283
0.3 0 0.2096206756 -0.1350266296
0.3 -0.04197636792 0.05642977487 0.02111731054
0.3 -0.0329055913 0.001654201856 0.05041756172
0.3 -0.04341723682 0.1382108151 -0.04507906987
0.3 -0.04396422958 0.1063327115 0.002185100543
0.3 -0.02984860154 0.2408089379 -0.0889874589
0.3 0 0.2771430831 -0.1332947129
0.3 -0.04420287487 0.2046782094 -0.03806080362
0.3 -0.01657325915 0.05470194961 0.08330777805
0.3 0.003069016463 -0.0002962350938 0.1073806182
0.3 -0.02961446763 0.1093112282 0.0564937002
0.3 -0.04131862102 0.1681837226 0.02175400152
0.3 -0.02946384315 0.3088384602 -0.08738504169
0.3 0 0.3446979457 -0.1316689789
0.3 -0.02925841861 0.3766382515 -0.08533733528
0.3 0 0.4122629382 -0.130096894
0.3 -0.04367535561 0.272670214 -0.03616254288
0.3 -0.04152045554 0.2365728838 0.01617327538
0.3 0.03013405781 0.05343224581 0.1311593266
0.3 0.05818563231 -0.002468918853 0.1461548169
0.3 0.006507604547 0.1098797849 0.1104293843
0.3 -0.0129630356 0.1669245273 0.08675332433
0.3 -0.02608119898 0.2148617293 0.06329887857
0.3 -0.02908413737 0.4446197951 -0.08330030744
0.3 0 0.4798307185 -0.1285806828
0.3 -0.02878669248 0.5124613746 -0.0815184412
0.3 0 0.5473980925 -0.1271270403
0.3 -0.04318027584 0.3408813132 -0.03394453808
0.3 -0.04265614949 0.4088837261 -0.03163589635
0.3 -0.04083693974 0.3041527175 0.01900222334
0.3 -0.02370445745 0.2703518532 0.06832821826
0.3 0.09172973677 0.05111489718 0.1582778878
0.3 0.1238047437 -0.004721978555 0.16144679
0.3 0.06110778666 0.1073756922 0.1478273217
0.3 0.0325530156 0.1673542309 0.1314633412
0.3 0.007572848557 0.2291338655 0.1102341811
0.3 0.1593775262 0.04874154463 0.1605395417
0.3 0.1904009257 -0.006933847745 0.1512247523
0.3 -0.0284663493 0.580294246 -0.07965716792
0.3 0 0.6149623547 -0.1257459666
0.3 -0.04202084374 0.4769506844 -0.02956333101
0.3 -0.04127876068 0.5451237956 -0.02771314893
0.3 -0.03980663551 0.3727607469 0.02157669213
0.3 -0.03862113918 0.4409270769 0.02381915061
0.3 -0.02117643363 0.3368478254 0.07141862972
0.3 0.01116618396 0.3004183954 0.1130653006
0.3 0.1269577873 0.1044156873 0.1625141898
0.3 0.09400235274 0.1604986933 0.1583005141
0.3 0.06447571299 0.2175546883 0.1487587228
0.3 0.04839627006 0.2687503563 0.1400607957
0.3 0.2231622643 0.04652205103 0.1375850709
0.3 0.2485644976 -0.008961216769 0.1172092604
0.3 0.193862403 0.1022216881 0.1517178725
0.3 0.2740459882 0.04445938824 0.09279792442
0.3 0.2903170614 -0.01071490457 0.06431561866
0.3 -0.02817933185 0.6483002846 -0.07762381518
0.3 0 0.6825249457 -0.1244208235
0.3 -0.02781538462 0.7168400861 -0.07601576121
0.3 0 0.7500625966 -0.1231669587
0.3 -0.04044694544 0.6129940053 -0.02522208473
0.3 -0.03738551425 0.5092373284 0.02577857873
0.3 -0.03619456101 0.5770462754 0.02729141573
0.3 -0.01931472743 0.4045805465 0.07366600417
0.3 -0.01781576296 0.4719437039 0.07493820817
0.3 0.01457768933 0.3677808432 0.1161357688
0.3 0.06550293478 0.3297274618 0.1489892776
0.3 0.1624558979 0.1582946898 0.1603359433
0.3 0.1301118569 0.2150905083 0.1628511034
0.3 0.1013125702 0.2707582501 0.1592783631
0.3 0.2262187811 0.1557673197 0.1366776614
0.3 0.2520065755 0.09994873541 0.1169147718
0.3 0.3049834276 0.04257774673 0.03249704925
0.3 0.3099431155 -0.01219123068 -0.0001638330486
0.3 0.2931729076 0.09774974638 0.063232803
0.3 0.3113941746 0.04083602022 -0.03504045892
0.3 0.3041863489 -0.01348550479 -0.06733347637
0.3 -0.02737615552 0.7835779793 -0.07416725464
0.3 0 0.8175627352 -0.1221308654
0.3 -0.02556967352 0.8481831699 -0.07360000638
0.3 0 0.8851073091 -0.1212190666
0.3 -0.03932744167 0.6812660873 -0.02192458898
0.3 -0.03834305413 0.7536380723 -0.01429936838
0.3 -0.03456917978 0.6450365201 0.03047408351
0.3 -0.01626674933 0.5396036304 0.07605372339
0.3 -0.01512573821 0.6090055867 0.07660397078
0.3 0.0157583108 0.4352703907 0.1164499635
0.3 0.01710969743 0.5017026906 0.1172140318
0.3 0.06026404644 0.3996959681 0.1458484854
0.3 0.107608442 0.3750582744 0.1607464472
0.3 0.1350956648 0.3262134275 0.1633433985
0.3 0.1976090343 0.2121564966 0.1512321233
0.3 0.1672204111 0.26907858 0.1600788946
0.3 0.2553971352 0.2092484747 0.1154152301
0.3 0.2764352117 0.153382142 0.09122433099
0.3 0.3116031612 0.09559306008 -0.0018180265
0.3 0.3061178512 0.1509129827 0.03064588823
0.3 0.2914394303 0.03909281183 -0.09989316807
0.3 0.2722855567 -0.01478971845 -0.1267140195
0.3 0.3040044576 0.09346046071 -0.06937151139
0.3 0.2473003551 0.03640270144 -0.1510909454
0.3 0.2177997024 -0.01610222772 -0.166305439
0.3 -0.02694464476 0.9180522584 -0.06602364144
0.3 0 0.9525842789 -0.1204112306
0.3 -0.02065820308 0.9760896518 -0.07867721574
0.3 0 1.020060768 -0.1201204554
0.3 -0.03656643855 0.8164066149 -0.02303977498
0.3 -0.03496417984 0.8677421906 -0.0252585099
0.3 -0.03264221499 0.7106533768 0.03398631259
0.3 -0.03031638344 0.7606460971 0.0378212341
0.3 -0.03367830815 0.7958064207 0.0201153045
0.3 -0.009434755704 0.6793449571 0.0852012426
0.3 0.01872375361 0.5680985994 0.1181944533
0.3 0.0222760424 0.6290997439 0.1203049792
0.3 0.06159704887 0.4656694744 0.1468600608
0.3 0.06212130465 0.5294974896 0.1471654451
0.3 0.1123041955 0.4312584184 0.1619943471
0.3 0.1686406455 0.3887458285 0.1604808181
0.3 0.2006546357 0.3242416647 0.1510463286
0.3 0.2303372651 0.2658390283 0.1355186944
0.3 0.2799928293 0.2619121911 0.08826690389
0.3 0.2952997951 0.2068927846 0.06122173619
0.3 0.3111650407 0.1482410036 -0.03628296111
0.3 0.3121223428 0.2039287519 -0.003813141483
0.3 0.2708228403 0.09191070757 -0.128577653
0.3 0.2903187838 0.1446047277 -0.1007948337
0.3 0.2182261991 0.08530005279 -0.1702295866
0.3 0.186600958 0.03333019046 -0.1797383959
0.3 0.1514746217 -0.01631896837 -0.1776572826
0.3 0.1305073928 0.02725448994 -0.1861259602
0.3 0.08447115559 -0.01419731426 -0.1710076373
0.3 -0.03381385182 0.9123893453 0.004992313667
0.3 -0.03198528771 0.9691170602 -0.02304811962
0.3 -0.0222104775 1.019347185 -0.05644051095
0.3 -0.03075650855 0.8486805833 0.03054620421
0.3 -0.01244893715 0.7433343478 0.07761568421
0.3 -0.01782503041 0.7993450364 0.06671238962
0.3 0.01617561813 0.725354004 0.1135890445
0.3 0.03655134261 0.6832299854 0.1319253858
0.3 0.06289560403 0.5915860425 0.1478424016
0.3 0.06038161669 0.6442891152 0.146198935
0.3 0.1134969485 0.4945397192 0.1623779863
0.3 0.1123510135 0.5554749676 0.1620563971
0.3 0.1653816706 0.4631703436 0.1607658651
0.3 0.215727042 0.4354649899 0.1453120165
0.3 0.2343961063 0.37647881 0.1341927416
0.3 0.2587134575 0.3192695404 0.1140160013
0.3 0.2979199466 0.314938024 0.05805580305
0.3 0.3079112735 0.2606973209 0.02681148736
0.3 0.3111054104 0.2560803025 -0.04000523291
0.3 0.3039029449 0.2010459296 -0.06793305451
0.3 0.2775015203 0.1955599675 -0.1198209732
0.3 0.2448181182 0.1523503867 -0.1540107918
0.3 0.1897842316 0.1349294853 -0.1834974853
0.3 0.1451662334 0.08542123987 -0.1915257326
0.3 0.08510166484 0.05174675451 -0.1847867874
0.3 -0.01590892988 0.9059712419 0.06889668996
0.3 -0.02567796118 0.96351573 0.04150600931
0.3 -0.02893795749 1.017804702 0.01052893569
0.3 -0.0008453731898 0.8487953627 0.09468856748
0.3 0.01840958971 0.7841018036 0.1169695651
0.3 0.05753890305 0.7380246146 0.1447964518
0.3 0.08950495268 0.6831875517 0.1580521152
0.3 0.1158885894 0.6237263068 0.1632688984
0.3 0.1590444395 0.5807844767 0.1624498826
0.3 0.1715756516 0.524413093 0.1606111394
0.3 0.2056407056 0.4843915686 0.1497103152
0.3 0.2442679577 0.4766196991 0.1275596532
0.3 0.2654134741 0.4258156921 0.1085380861
0.3 0.2816390056 0.3727464056 0.08718794092
0.3 0.305822365 0.366149471 0.03550177097
0.3 0.3130439822 0.3221413403 -0.01013691015
0.3 0.3035734639 0.3040122308 -0.07073272631
0.3 0.2865725529 0.255934513 -0.1081231063
0.3 0.2440733372 0.2239788347 -0.1554850145
0.3 0.1948958174 0.1905235144 -0.1837100478
0.3 0.1407735251 0.1557808289 -0.1946502135
0.3 0.0856671994 0.1186734177 -0.1920011663
0.3 0.02562862687 0.9024655199 0.1232224144
0.3 0.004706508323 0.9595342447 0.1014238901
0.3 -0.01068558715 1.015544453 0.07534611796
0.3 0.04935520167 0.8447071846 0.1406888118
0.3 0.07742469046 0.7899653731 0.1543950251
0.3 0.1166429203 0.7370702354 0.1639415823
0.3 0.1506953766 0.6809877263 0.1646142232
0.3 0.1822921068 0.6266526843 0.1593793345
0.3 0.2069678567 0.5726609195 0.1500373316
0.3 0.2256496891 0.5222648472 0.1406606798
0.3 0.2598299465 0.5138074197 0.1144850124
0.3 0.2809914765 0.4789695198 0.08935728532
0.3 0.303125582 0.4280746669 0.04815227574
0.3 0.3132614745 0.3937644063 -0.0135021568
0.3 0.3052786561 0.3601319893 -0.06823483654
0.3 0.2809840205 0.3242508452 -0.116256668
0.3 0.2444672166 0.2896514599 -0.1565884216
0.3 0.1955029671 0.2556267056 -0.1845086387
0.3 0.1410602666 0.2214749155 -0.1959866441
0.3 0.08597406046 0.1860107822 -0.1905944
0.3 0.08464580806 0.9000886714 0.1574116514
0.3 0.05651057101 0.9566204973 0.1454399778
0.3 0.03172898626 1.01302835 0.1276823644
0.3 0.1147282182 0.8440641313 0.1644029538
0.3 0.1449554054 0.7883289821 0.1659902165
0.3 0.1820846383 0.7334408782 0.1603292754
0.3 0.2131989054 0.6771286386 0.1489079372
0.3 0.238706365 0.6201519 0.134144672
0.3 0.2540978604 0.5618206685 0.1209337864
0.3 0.2869318847 0.5355380802 0.08142146796
0.3 0.3075134591 0.4972082399 0.03625068779
0.3 0.3141175727 0.4603963348 -0.01567851266
0.3 0.3049087484 0.4262974763 -0.06979286653
0.3 0.2804602667 0.3913064659 -0.1185049878
0.3 0.2429903503 0.3568758172 -0.1582626976
0.3 0.1951691665 0.3225330542 -0.1854343081
0.3 0.1408599894 0.2881562214 -0.1966382195
0.3 0.08587439624 0.2533987917 -0.1901754422
0.3 0.1532044628 0.8985396713 0.1663120875
0.3 0.1214268935 0.9542887375 0.1661832889
0.3 0.09125306792 1.010526699 0.1592710449
0.3 0.1846094989 0.8427735981 0.1608106412
0.3 0.2146355848 0.786387751 0.1497175532
0.3 0.2431277007 0.7300094551 0.1323935667
0.3 0.2675160914 0.671728854 0.1103663719
0.3 0.2873497684 0.6067842623 0.0835799609
0.3 0.3091034648 0.5622035482 0.03334631957
0.3 0.314577341 0.5283275127 -0.01971817367
0.3 0.3046734933 0.4934672187 -0.07215457203
0.3 0.2798273741 0.4588964733 -0.1203546633
0.3 0.2419774328 0.4243111046 -0.1595244177
0.3 0.1941559174 0.3898624856 -0.1861753278
0.3 0.1401910513 0.3553952836 -0.1969052128
0.3 0.08543257759 0.3208368163 -0.1901315636
0.3 0.2190280281 0.8962823198 0.1487385185
0.3 0.1894230076 0.9521487542 0.1607443721
0.3 0.1583096731 1.008138771 0.165894248
0.3 0.2461814263 0.8402440449 0.1316385831
0.3 0.2698121406 0.7839455655 0.1098786283
0.3 0.2889589006 0.7268856698 0.08418922638
0.3 0.3034149353 0.6705142319 0.05508281618
0.3 0.3108534316 0.6191523848 0.02794366867
0.3 0.314770135 0.595800154 -0.02401969275
0.3 0.3043081231 0.5611601688 -0.07487525056
0.3 0.2790236817 0.5264093903 -0.1221719853
0.3 0.2409029812 0.4918532151 -0.1606707919
0.3 0.192981634 0.4573561829 -0.1866190811
0.3 0.1392364795 0.4228490592 -0.1968941184
0.3 0.08480109781 0.38829735 -0.1898544512
0.3 0.2735079962 0.894248472 0.107822205
0.3 0.2503094428 0.9500677172 0.1303204618
0.3 0.2229806439 1.005939523 0.1469683231
0.3 0.2924346188 0.8382206793 0.08152075779
0.3 0.3058047139 0.7818783389 0.05306205433
0.3 0.3130996231 0.7248869368 0.02365542143
0.3 0.31664675 0.6668872171 -0.01631169275
0.3 0.3045853577 0.6293697006 -0.07651699531
0.3 0.2782241534 0.5939395984 -0.1238412097
0.3 0.2396723816 0.5593735353 -0.1615800495
0.3 0.1916610858 0.5249254385 -0.1868467806
0.3 0.1381002508 0.4903706134 -0.1966074899
0.3 0.08401651354 0.4557698354 -0.1892499202
0.3 0.3088158265 0.8927354263 0.04967504284
0.3 0.2956005814 0.9482265957 0.0794953828
0.3 0.2761432126 1.00397373 0.1055575862
0.3 0.3165104437 0.8370624725 0.0176424797
0.3 0.3182493256 0.7812453317 -0.01259089158
0.3 0.315584901 0.7283614732 -0.03350296309
0.3 0.3033639838 0.6969544649 -0.08079673068
0.3 0.2771075987 0.6608227563 -0.125546695
0.3 0.2382999121 0.6266340581 -0.1622623585
0.3 0.1903028351 0.5924631361 -0.1867977577
0.3 0.1369251162 0.5579575323 -0.1960945153
0.3 0.08309043441 0.5232431832 -0.1884037058
0.3 0.3200197092 0.889996284 -0.01624100359
0.3 0.3187570725 0.9461547163 0.01649206352
0.3 0.3103935061 1.002313782 0.04751441178
0.3 0.3151383923 0.8313637145 -0.04899571298
0.3 0.3043047499 0.7692069957 -0.08095072043
0.3 0.2765702945 0.7252038534 -0.1269681939
0.3 0.236576844 0.6935315148 -0.1628105136
0.3 0.1885610057 0.6598033844 -0.1865166183
0.3 0.1354904905 0.6254278946 -0.1953693288
0.3 0.08202106909 0.5907080205 -0.1873652975
0.3 0.3061366564 0.8883699748 -0.0806769159
0.3 0.3169672138 0.9448352883 -0.05079965006
0.3 0.3209356384 1.000997815 -0.01906838829
0.3 0.2908766278 0.8317623151 -0.1082309539
0.3 0.2735401303 0.7821661744 -0.1299285374
0.3 0.2343797302 0.761051705 -0.163077021
0.3 0.1866976584 0.7273336513 -0.1859000288
0.3 0.1338810455 0.6929310708 -0.1943784072
0.3 0.08078476138 0.6581536499 -0.1862010613
0.3 0.269708888 0.8885712043 -0.1338036796
0.3 0.2901000363 0.9440926708 -0.1115814765
0.3 0.3056497154 1.000057542 -0.0847492666
0.3 0.2407446756 0.8307468043 -0.1587674728
0.3 0.185233068 0.7954536817 -0.1848182674
0.3 0.1322551936 0.760607674 -0.1928460546
0.3 0.07937942579 0.7255628501 -0.1847007248
0.3 0.2251758527 0.8930216981 -0.1661721785
0.3 0.2426652955 0.9437413018 -0.1563336969
0.3 0.2652198162 0.9995134141 -0.1387037103
0.3 0.1790706591 0.8626943707 -0.1840679649
0.3 0.1291089423 0.8280186194 -0.190269581
0.3 0.07781261932 0.7928940322 -0.1822302377
0.3 0.1770853266 0.9375225533 -0.1811871396
0.3 0.2059336927 0.9989980602 -0.170736597
0.3 0.1250825725 0.8947451726 -0.1862753858
0.3 0.07608018175 0.8601226915 -0.1784365166
0.3 0.1168101746 0.9503893874 -0.1798467198
0.3 0.1387222865 0.9973470745 -0.1751919784
0.3 0.07473249668 0.9268895352 -0.1701188061
0.3 0.07339806176 0.9933540292 -0.1590833249
0.4 -0.04201221065 0.06540883217 -0.1101352683
0.4 0 0.08796303327 -0.122309436
0.4 0 0.02032387832 -0.12626259
0.4 -0.0605703459 0.01903028365 -0.09614605874
0.4 -0.04767555331 0.1216314701 -0.1054329513
0.4 0 0.1557120017 -0.1204500532
0.4 -0.1053856126 0.01767334209 -0.04541368224
0.4 -0.086495861 0.0779772879 -0.07266732716
0.4 -0.04933941342 0.1880814044 -0.1016409918
0.4 0 0.2236056605 -0.1190773227
0.4 -0.1154386239 0.07048672991 -0.008714548407
0.4 -0.1190199535 0.01487995314 0.02086714922
0.4 -0.08656635953 0.153017836 -0.06816507153
0.4 -0.1081545413 0.1207564157 -0.0260200817
0.4 -0.05052206968 0.2557588687 -0.09816424893
0.4 0 0.2915148355 -0.1177828986
0.4 -0.08860985869 0.2197255542 -0.06077831198
0.4 -0.1091291067 0.06678833775 0.05845157269
0.4 -0.0976296775 0.01027676667 0.08498406303
0.4 -0.1124506662 0.1225245974 0.03032804566
0.4 -0.1106065763 0.1824953219 -0.005111141854
0.4 -0.04975576316 0.3241026799 -0.09579721862
0.4 0 0.3594510624 -0.116542669
0.4 -0.04939431659 0.3922172864 -0.09308612222
0.4 0 0.4273873852 -0.1152775032
0.4 -0.08712705209 0.2879710351 -0.05741639384
0.4 -0.106095238 0.2511717629 -0.00870846369
0.4 -0.07049595986 0.06213571852 0.1132869026
0.4 -0.04697633278 0.004181501461 0.1295920847
0.4 -0.08844646854 0.1203892433 0.0909495561
0.4 -0.1006841017 0.1789826139 0.06539428922
0.4 -0.1058826832 0.2280256629 0.04053165175
0.4 -0.04903895435 0.460511222 -0.09033559457
0.4 0 0.4953179769 -0.1140083032
0.4 -0.0484391885 0.5286593629 -0.08770851184
0.4 0 0.5632429422 -0.1127662078
0.4 -0.08576698215 0.3564251743 -0.05370791454
0.4 -0.08441699823 0.424671615 -0.04989078434
0.4 -0.1037687208 0.3189081418 -0.004027345394
0.4 -0.1020250126 0.2835075176 0.04748984489
0.4 -0.009528573405 0.05546472724 0.1419483117
0.4 0.01904803739 -0.002673296584 0.1431934173
0.4 -0.03675269648 0.1139568773 0.1323889588
0.4 -0.0610207231 0.1760841078 0.1157163518
0.4 -0.08045419406 0.2398020341 0.09334911767
0.4 0.05797041344 0.04837699917 0.1365189073
0.4 0.08303376665 -0.009505207171 0.1219681762
0.4 -0.04784349284 0.5967936915 -0.08496744425
0.4 0 0.6311635579 -0.1115605352
0.4 -0.08282738179 0.49298452 -0.0462141254
0.4 -0.08098035168 0.5614042123 -0.04265835338
0.4 -0.1009951779 0.387684653 0.0005448864909
0.4 -0.09789345827 0.4560141802 0.004849018786
0.4 -0.09682305258 0.3500384853 0.05278059301
0.4 -0.07289467369 0.3110041813 0.09807902967
0.4 0.02984349192 0.1063500021 0.143081069
0.4 0.0002955241702 0.1647991739 0.142226079
0.4 -0.0259866822 0.2240291169 0.1344593051
0.4 -0.03883585382 0.2764946224 0.1263364364
0.4 0.1139260578 0.04182406335 0.09811278778
0.4 0.1280493741 -0.01546022822 0.07167794181
0.4 0.09328669264 0.09955470563 0.1191468981
0.4 0.1435469116 0.03643998292 0.03694400191
0.4 0.1425337014 -0.01995261148 0.0056460728
0.4 -0.04734672151 0.6650973262 -0.08206003792
0.4 0 0.6990820967 -0.1103394445
0.4 -0.0465679845 0.7339385503 -0.07944126551
0.4 0 0.7669659131 -0.109121682
0.4 -0.07918121254 0.6295057601 -0.03841531982
0.4 -0.09458211299 0.5244890638 0.008904946264
0.4 -0.09112841257 0.5924675145 0.0125181494
0.4 -0.09187059717 0.4178365699 0.05707381894
0.4 -0.08708060896 0.4852989936 0.06029489004
0.4 -0.06549195168 0.3782682044 0.1027813714
0.4 -0.01729229629 0.3363016495 0.1357802716
0.4 0.06834931544 0.1578219006 0.1342739062
0.4 0.0407049826 0.216907145 0.1423216233
0.4 0.01537217352 0.2746719525 0.1426128497
0.4 0.122779889 0.1510190587 0.09339782676
0.4 0.1363784373 0.09344311512 0.06671301536
0.4 0.1394864776 0.03255995695 -0.03098540323
0.4 0.1232396691 -0.0228441568 -0.05923340835
0.4 0.147989057 0.0886435702 -0.0001425484785
0.4 0.1030140134 0.03006713492 -0.08859383472
0.4 0.07518940123 -0.02446990232 -0.1069823319
0.4 -0.04577128993 0.8009672136 -0.07647650277
0.4 0 0.8348029999 -0.1082268297
0.4 -0.04323677273 0.8658299883 -0.07428391471
0.4 0 0.9027174997 -0.1074128678
0.4 -0.0772438552 0.6979786213 -0.03325044387
0.4 -0.07645302032 0.7704858976 -0.02378094659
0.4 -0.08749047015 0.6605741953 0.0179102944
0.4 -0.08214581393 0.5530489581 0.06335618776
0.4 -0.07748541366 0.6225752165 0.06584870685
0.4 -0.06009276102 0.4458551922 0.1044893609
0.4 -0.05452580545 0.5123496142 0.1065696177
0.4 -0.01782251051 0.4068131134 0.133466992
0.4 0.02917775541 0.3786139148 0.1433257428
0.4 0.05349107522 0.3277837122 0.1413023145
0.4 0.1036574539 0.2093636623 0.1153338366
0.4 0.08037502444 0.2683836707 0.1313679772
0.4 0.1442527858 0.2027315714 0.06068585907
0.4 0.1495849022 0.1454455369 0.03101853493
0.4 0.1255799987 0.08521746073 -0.06424137245
0.4 0.1422682936 0.1411370925 -0.03630145263
0.4 0.043038734 0.02837679174 -0.1211173878
0.4 0.009847726829 -0.02561336255 -0.1249090291
0.4 0.07439296893 0.08285360786 -0.1094833737
0.4 -0.02488326413 0.0256964693 -0.1187810894
0.4 -0.05499978807 -0.02729875758 -0.1054204109
0.4 -0.04613693827 0.9359688584 -0.06648797362
0.4 0 0.9705339713 -0.106464879
0.4 -0.03498077502 0.9942693189 -0.07542812887
0.4 0 1.038319352 -0.1063029297
0.4 -0.07052323581 0.8335936646 -0.0302316142
0.4 -0.06689918718 0.8851270388 -0.03064721669
0.4 -0.0835352587 0.7262633521 0.02364181669
0.4 -0.07981730208 0.7762512144 0.02927682486
0.4 -0.07849487229 0.8120045472 0.01207116353
0.4 -0.06887949465 0.6926132044 0.07690799289
0.4 -0.04866738445 0.578790069 0.1088338054
0.4 -0.04122280292 0.6396658348 0.1121373155
0.4 -0.01179279796 0.4728104097 0.1350115659
0.4 -0.006830886779 0.5367366604 0.1359615271
0.4 0.03809194465 0.4345964474 0.143779783
0.4 0.08979253686 0.3881193194 0.1296029659
0.4 0.1133828309 0.3214022036 0.1117702619
0.4 0.1323387924 0.2610014447 0.08788792374
0.4 0.1556633287 0.254012073 0.02331909348
0.4 0.1524182739 0.1979492031 -0.006339568336
0.4 0.1033362951 0.1378355803 -0.09137141476
0.4 0.1266676093 0.1938704311 -0.06869484123
0.4 0.007561375589 0.0814320631 -0.123145273
0.4 0.04177177456 0.1342371689 -0.1206004219
0.4 -0.05649667505 0.07431504543 -0.1022135195
0.4 -0.0807956905 0.02148240311 -0.08110857063
0.4 -0.0955123378 -0.02987253374 -0.05138418376
0.4 -0.1093293684 0.01348288167 -0.03230262992
0.4 -0.110521557 -0.03024776524 0.01456010481
0.4 -0.07164095359 0.9292913294 0.0004271182488
0.4 -0.06202331213 0.9866895004 -0.02523651154
0.4 -0.0428864568 1.037483783 -0.05391284499
0.4 -0.07551991669 0.864705626 0.02448506975
0.4 -0.06773220485 0.7571186857 0.07066751209
0.4 -0.06921623603 0.8138093847 0.06076410568
0.4 -0.04146329267 0.7365735015 0.1073945225
0.4 -0.02317804871 0.6927574346 0.124554738
0.4 -0.00165671817 0.5989079128 0.1371770538
0.4 -0.0006913881899 0.651934159 0.1363085425
0.4 0.04385664372 0.4979444668 0.1438201778
0.4 0.04697964724 0.5590942681 0.1435667901
0.4 0.09168894692 0.4629389778 0.1296331053
0.4 0.1321612655 0.4318565899 0.09844992959
0.4 0.1416608779 0.3715620536 0.08214170508
0.4 0.1518903463 0.3127695455 0.05468525125
0.4 0.1562475014 0.3061369754 -0.01367235423
0.4 0.1440597281 0.2511592967 -0.04347841651
0.4 0.101630921 0.246022375 -0.09559750514
0.4 0.07580663055 0.190825655 -0.1091226613
0.4 0.0186154896 0.1853768969 -0.1215505035
0.4 -0.02836224377 0.141923915 -0.1145929942
0.4 -0.08084566153 0.1235481306 -0.08065034595
0.4 -0.1073854495 0.07264264414 -0.04514572987
0.4 -0.1212593934 0.03650204295 0.01261179727
0.4 -0.06236966838 0.920457053 0.06620968841
0.4 -0.06731345148 0.9792969966 0.03958243843
0.4 -0.06520621751 1.034671345 0.009863089342
0.4 -0.05128369169 0.8617332769 0.09129668987
0.4 -0.03555814545 0.7952471367 0.1121038403
0.4 0.002746717503 0.7460107758 0.136223814
0.4 0.03270486019 0.6886855997 0.1441253901
0.4 0.05557294169 0.6272241945 0.1438418248
0.4 0.09402971114 0.5812467831 0.1315373626
0.4 0.1017296068 0.5238960882 0.1267628943
0.4 0.1273400085 0.4815836157 0.1052073269
0.4 0.1527495333 0.4713505658 0.06896712628
0.4 0.159911843 0.4191715908 0.0434621811
0.4 0.1606687394 0.3650528418 0.01813223521
0.4 0.1500952486 0.3570492051 -0.03806327694
0.4 0.1248066882 0.3124221249 -0.07654356075
0.4 0.07378296137 0.2941368772 -0.1110969809
0.4 0.0335809875 0.2460070937 -0.1213769402
0.4 -0.02973324611 0.2138491538 -0.1125170461
0.4 -0.07809497116 0.1795559547 -0.08311443886
0.4 -0.1096415659 0.1432453373 -0.03854747994
0.4 -0.1259145951 0.1039250578 0.01293045859
0.4 -0.02038637765 0.9131665652 0.1202550089
0.4 -0.03913715154 0.9721175532 0.1006679401
0.4 -0.05208154339 1.029786165 0.07613586571
0.4 0.001378375209 0.8534068709 0.1344097407
0.4 0.02767164917 0.7964632845 0.143238581
0.4 0.06449655399 0.7406471836 0.14388718
0.4 0.09360442052 0.6821239551 0.1351594785
0.4 0.1181633521 0.6256214156 0.120219094
0.4 0.1340495062 0.5699488855 0.1030163434
0.4 0.1443228631 0.518273929 0.08783799991
0.4 0.1617991124 0.5077299535 0.04874095301
0.4 0.1650755932 0.4716056927 0.01710391657
0.4 0.1575154753 0.419393182 -0.02808742699
0.4 0.1233514709 0.3843327455 -0.08039551696
0.4 0.07702152789 0.3505157999 -0.1111070685
0.4 0.02365669277 0.3146291573 -0.1206048781
0.4 -0.03024682523 0.2798267867 -0.111558872
0.4 -0.07764945839 0.2449866684 -0.08123544905
0.4 -0.1085868735 0.2091982976 -0.03577821767
0.4 -0.1194940375 0.1711547354 0.01710734912
0.4 0.04317051344 0.9061138966 0.1450643508
0.4 0.01697947871 0.9648541003 0.1391040783
0.4 -0.006618095275 1.023362565 0.125975333
0.4 0.07033223392 0.8478479123 0.144457594
0.4 0.09599643358 0.7899506351 0.1372499974
0.4 0.1251912839 0.7325585022 0.1193134904
0.4 0.1455548273 0.6742239483 0.09708190481
0.4 0.1583953707 0.6156198278 0.07348785228
0.4 0.1624196234 0.5562433746 0.05584404365
0.4 0.1674049678 0.5280684135 0.005397907293
0.4 0.1548208253 0.4885816635 -0.04208006412
0.4 0.1231016661 0.4512242046 -0.08373244063
0.4 0.07574830299 0.4169985244 -0.1121120269
0.4 0.02153878297 0.3819902865 -0.1205961554
0.4 -0.03213249653 0.3473460476 -0.1091024284
0.4 -0.07757761109 0.3121767966 -0.07836586187
0.4 -0.1071151783 0.2760974536 -0.03226345411
0.4 -0.1150982941 0.2386025546 0.0210796649
0.4 0.1113743996 0.899687366 0.1333358922
0.4 0.08501349489 0.9576643663 0.1434540206
0.4 0.05788599099 1.016162512 0.1455186696
0.4 0.1347276098 0.8418203953 0.1167942801
0.4 0.1536038055 0.7835277927 0.0946246086
0.4 0.1670523276 0.7254264005 0.06675510495
0.4 0.1731915844 0.6657038409 0.03646855559
0.4 0.1715546254 0.5995731149 0.00476932188
0.4 0.1553522987 0.5538063735 -0.04697241426
0.4 0.1210473799 0.5194357377 -0.08791300273
0.4 0.07387792987 0.4844750624 -0.1135367293
0.4 0.01968067796 0.4498997718 -0.1202234218
0.4 -0.0333200065 0.4150690689 -0.1067079948
0.4 -0.07755349447 0.3797600084 -0.07472434001
0.4 -0.1054058271 0.3435206488 -0.02815573946
0.4 -0.1117340498 0.3061581268 0.02517788643
0.4 0.1632335799 0.8933127572 0.08902280116
0.4 0.1458905563 0.9510112182 0.1125246402
0.4 0.1234094706 1.00905165 0.1297383817
0.4 0.1747738585 0.8356839436 0.06151965274
0.4 0.1795730493 0.7780673567 0.03152586088
0.4 0.1772540547 0.7199559972 0.0008339513091
0.4 0.168032047 0.6627810006 -0.02953707914
0.4 0.1538948498 0.6109338537 -0.05353436851
0.4 0.1185038028 0.5871844477 -0.09196743168
0.4 0.07160718635 0.5524788887 -0.1149926048
0.4 0.01778366532 0.5177279963 -0.119516289
0.4 -0.0343773759 0.4828953476 -0.1041210799
0.4 -0.07720093396 0.4474848605 -0.07074108119
0.4 -0.1034807228 0.4111365526 -0.02367480551
0.4 -0.1083113585 0.3737242439 0.02947756737
0.4 0.1857566365 0.8884254668 0.0245072596
0.4 0.1827617298 0.9454787452 0.05511424727
0.4 0.1720409291 1.002902274 0.08294509126
0.4 0.1817532687 0.8314331032 -0.006573395721
0.4 0.1709314863 0.7743995606 -0.03545605569
0.4 0.1541636172 0.7169385135 -0.06041906867
0.4 0.1262558194 0.6585731978 -0.08933744726
0.4 0.07055612021 0.6210137343 -0.1161244532
0.4 0.01605235 0.5855713772 -0.1185751176
0.4 -0.03521247625 0.5506893178 -0.1011893004
0.4 -0.07659016745 0.5152659451 -0.06647580069
0.4 -0.1012743666 0.4787995765 -0.01892594635
0.4 -0.1045758509 0.441276225 0.03397754707
0.4 0.1731934175 0.8854889441 -0.04265188369
0.4 0.1860725545 0.9415955675 -0.01315715384
0.4 0.1909178973 0.9982632326 0.01802810235
0.4 0.1538566818 0.8294123152 -0.0692393229
0.4 0.1311055853 0.7733570492 -0.08954172457
0.4 0.1124201025 0.7203067855 -0.099990689
0.4 0.06638535437 0.6889200945 -0.1173719396
0.4 0.014146519 0.6527555545 -0.1172770805
0.4 -0.03581710288 0.6182066046 -0.09794050312
0.4 -0.075637918 0.582999268 -0.06203485488
0.4 -0.09877646583 0.546513575 -0.01406364336
0.4 -0.1005816321 0.5088071135 0.03864826968
0.4 0.1302046352 0.8824758804 -0.09429042781
0.4 0.1559464844 0.9388185156 -0.07351328376
0.4 0.1752756662 0.9953453595 -0.04783700026
0.4 0.1001207885 0.8237366009 -0.1092531593
0.4 0.06691407547 0.7615064655 -0.117863268
0.4 0.01280637045 0.7174435328 -0.1162005847
0.4 -0.0363334067 0.6853377613 -0.09421750875
0.4 -0.07449302085 0.6505061897 -0.0571211585
0.4 -0.09604394604 0.6140871172 -0.008886067503
0.4 -0.09635399285 0.5763081437 0.04347921461
0.4 0.06848142895 0.8811229919 -0.1183803539
0.4 0.100117325 0.937639995 -0.1117628801
0.4 0.1294137377 0.9938727423 -0.09769986087
0.4 0.0364941949 0.824421702 -0.1188547297
0.4 0.008976208392 0.7746540747 -0.113457166
0.4 -0.03671529059 0.7530517176 -0.08989678532
0.4 -0.0729848986 0.7181816753 -0.05196802013
0.4 -0.09298394642 0.6816734472 -0.003464244068
0.4 -0.0919691404 0.6437695688 0.04848387292
0.4 0.004455813659 0.8813790976 -0.1088186306
0.4 0.03353944356 0.9371564462 -0.1173813239
0.4 0.06497430817 0.9932304235 -0.118717987
0.4 -0.02991200273 0.8231092211 -0.09224158669
0.4 -0.070778683 0.7864506388 -0.04703904625
0.4 -0.08926363247 0.7494105343 0.002084931072
0.4 -0.087193004 0.711157149 0.05369386843
0.4 -0.04091612189 0.8852635618 -0.07705944267
0.4 -0.02574183586 0.9364635425 -0.08937361103
0.4 -0.001067795742 0.9926703854 -0.1035327473
0.4 -0.06987801191 0.853627465 -0.03756363447
0.4 -0.08461971043 0.8167517524 0.009306470842
0.4 -0.08128100486 0.7783815816 0.05915758283
0.4 -0.06561938858 0.9285210933 -0.03143908276
0.4 -0.04882238718 0.9910197143 -0.05551307623
0.4 -0.07845244999 0.8832967358 0.01751410347
0.4 -0.07401006979 0.8454130591 0.06487556526
0.4 -0.07027346875 0.9383301262 0.02957783752
0.4 -0.06286230721 0.9864878219 0.0105811458
0.4 -0.0614844731 0.9116170619 0.07021033536
0.4 -0.04756946097 0.9775993904 0.07592253689
